x=repmat((1:10)',1,10)

randperm(10)


y=randperm(10)


randperm(10)


x(y,:)

for i = 1:10
y=randperm(10);
z(:,:,i) = x(y,:);
end
z

z(:,:,1) =

     2     2     2     2     2     2     2     2     2     2
    10    10    10    10    10    10    10    10    10    10
     4     4     4     4     4     4     4     4     4     4
     5     5     5     5     5     5     5     5     5     5
     3     3     3     3     3     3     3     3     3     3
     8     8     8     8     8     8     8     8     8     8
     7     7     7     7     7     7     7     7     7     7
     1     1     1     1     1     1     1     1     1     1
     6     6     6     6     6     6     6     6     6     6
     9     9     9     9     9     9     9     9     9     9


z(:,:,2) =

     5     5     5     5     5     5     5     5     5     5
     2     2     2     2     2     2     2     2     2     2
     1     1     1     1     1     1     1     1     1     1
     7     7     7     7     7     7     7     7     7     7
     6     6     6     6     6     6     6     6     6     6
     8     8     8     8     8     8     8     8     8     8
     9     9     9     9     9     9     9     9     9     9
    10    10    10    10    10    10    10    10    10    10
     3     3     3     3     3     3     3     3     3     3
     4     4     4     4     4     4     4     4     4     4


z(:,:,3) =

     5     5     5     5     5     5     5     5     5     5
     4     4     4     4     4     4     4     4     4     4
    10    10    10    10    10    10    10    10    10    10
     1     1     1     1     1     1     1     1     1     1
     8     8     8     8     8     8     8     8     8     8
     6     6     6     6     6     6     6     6     6     6
     9     9     9     9     9     9     9     9     9     9
     3     3     3     3     3     3     3     3     3     3
     2     2     2     2     2     2     2     2     2     2
     7     7     7     7     7     7     7     7     7     7


z(:,:,4) =

     8     8     8     8     8     8     8     8     8     8
     9     9     9     9     9     9     9     9     9     9
     2     2     2     2     2     2     2     2     2     2
    10    10    10    10    10    10    10    10    10    10
     3     3     3     3     3     3     3     3     3     3
     7     7     7     7     7     7     7     7     7     7
     4     4     4     4     4     4     4     4     4     4
     1     1     1     1     1     1     1     1     1     1
     5     5     5     5     5     5     5     5     5     5
     6     6     6     6     6     6     6     6     6     6


z(:,:,5) =

     7     7     7     7     7     7     7     7     7     7
     4     4     4     4     4     4     4     4     4     4
     8     8     8     8     8     8     8     8     8     8
     2     2     2     2     2     2     2     2     2     2
     6     6     6     6     6     6     6     6     6     6
    10    10    10    10    10    10    10    10    10    10
     9     9     9     9     9     9     9     9     9     9
     3     3     3     3     3     3     3     3     3     3
     1     1     1     1     1     1     1     1     1     1
     5     5     5     5     5     5     5     5     5     5


z(:,:,6) =

     6     6     6     6     6     6     6     6     6     6
     1     1     1     1     1     1     1     1     1     1
     9     9     9     9     9     9     9     9     9     9
     4     4     4     4     4     4     4     4     4     4
    10    10    10    10    10    10    10    10    10    10
     3     3     3     3     3     3     3     3     3     3
     8     8     8     8     8     8     8     8     8     8
     7     7     7     7     7     7     7     7     7     7
     2     2     2     2     2     2     2     2     2     2
     5     5     5     5     5     5     5     5     5     5


z(:,:,7) =

     9     9     9     9     9     9     9     9     9     9
     2     2     2     2     2     2     2     2     2     2
     1     1     1     1     1     1     1     1     1     1
     6     6     6     6     6     6     6     6     6     6
    10    10    10    10    10    10    10    10    10    10
     8     8     8     8     8     8     8     8     8     8
     3     3     3     3     3     3     3     3     3     3
     7     7     7     7     7     7     7     7     7     7
     4     4     4     4     4     4     4     4     4     4
     5     5     5     5     5     5     5     5     5     5


z(:,:,8) =

     1     1     1     1     1     1     1     1     1     1
     5     5     5     5     5     5     5     5     5     5
     7     7     7     7     7     7     7     7     7     7
     3     3     3     3     3     3     3     3     3     3
     4     4     4     4     4     4     4     4     4     4
     6     6     6     6     6     6     6     6     6     6
     8     8     8     8     8     8     8     8     8     8
     9     9     9     9     9     9     9     9     9     9
    10    10    10    10    10    10    10    10    10    10
     2     2     2     2     2     2     2     2     2     2


z(:,:,9) =

     9     9     9     9     9     9     9     9     9     9
     2     2     2     2     2     2     2     2     2     2
     5     5     5     5     5     5     5     5     5     5
     3     3     3     3     3     3     3     3     3     3
    10    10    10    10    10    10    10    10    10    10
     1     1     1     1     1     1     1     1     1     1
     7     7     7     7     7     7     7     7     7     7
     6     6     6     6     6     6     6     6     6     6
     4     4     4     4     4     4     4     4     4     4
     8     8     8     8     8     8     8     8     8     8


z(:,:,10) =

     3     3     3     3     3     3     3     3     3     3
     7     7     7     7     7     7     7     7     7     7
     1     1     1     1     1     1     1     1     1     1
     9     9     9     9     9     9     9     9     9     9
     8     8     8     8     8     8     8     8     8     8
     4     4     4     4     4     4     4     4     4     4
    10    10    10    10    10    10    10    10    10    10
     5     5     5     5     5     5     5     5     5     5
     6     6     6     6     6     6     6     6     6     6
     2     2     2     2     2     2     2     2     2     2

nanmean(z,3)

ans =

    5.5000    5.5000    5.5000    5.5000    5.5000    5.5000    5.5000    5.5000    5.5000    5.5000
    4.6000    4.6000    4.6000    4.6000    4.6000    4.6000    4.6000    4.6000    4.6000    4.6000
    4.8000    4.8000    4.8000    4.8000    4.8000    4.8000    4.8000    4.8000    4.8000    4.8000
    5.0000    5.0000    5.0000    5.0000    5.0000    5.0000    5.0000    5.0000    5.0000    5.0000
    6.8000    6.8000    6.8000    6.8000    6.8000    6.8000    6.8000    6.8000    6.8000    6.8000
    6.1000    6.1000    6.1000    6.1000    6.1000    6.1000    6.1000    6.1000    6.1000    6.1000
    7.4000    7.4000    7.4000    7.4000    7.4000    7.4000    7.4000    7.4000    7.4000    7.4000
    5.2000    5.2000    5.2000    5.2000    5.2000    5.2000    5.2000    5.2000    5.2000    5.2000
    4.3000    4.3000    4.3000    4.3000    4.3000    4.3000    4.3000    4.3000    4.3000    4.3000
    5.3000    5.3000    5.3000    5.3000    5.3000    5.3000    5.3000    5.3000    5.3000    5.3000

for i = 1:1000
y=randperm(10);
z(:,:,i) = x(y,:);
end
nanmean(z,3)

ans =

    5.6140    5.6140    5.6140    5.6140    5.6140    5.6140    5.6140    5.6140    5.6140    5.6140
    5.5650    5.5650    5.5650    5.5650    5.5650    5.5650    5.5650    5.5650    5.5650    5.5650
    5.5250    5.5250    5.5250    5.5250    5.5250    5.5250    5.5250    5.5250    5.5250    5.5250
    5.4690    5.4690    5.4690    5.4690    5.4690    5.4690    5.4690    5.4690    5.4690    5.4690
    5.7120    5.7120    5.7120    5.7120    5.7120    5.7120    5.7120    5.7120    5.7120    5.7120
    5.3100    5.3100    5.3100    5.3100    5.3100    5.3100    5.3100    5.3100    5.3100    5.3100
    5.5680    5.5680    5.5680    5.5680    5.5680    5.5680    5.5680    5.5680    5.5680    5.5680
    5.5100    5.5100    5.5100    5.5100    5.5100    5.5100    5.5100    5.5100    5.5100    5.5100
    5.3320    5.3320    5.3320    5.3320    5.3320    5.3320    5.3320    5.3320    5.3320    5.3320
    5.3950    5.3950    5.3950    5.3950    5.3950    5.3950    5.3950    5.3950    5.3950    5.3950

nanmean(1:10)

ans =

    5.5000

load('jp060n01.mat')
ipsi_targetOnset_left

ipsi_targetOnset_left = 

  struct with fields:

                  channelMap: [32×1 double]
                     sdfMean: [32×501 double]
    sdfPopulationZscoredMean: [32×501 double]
              populationMean: 42.6186
               populationStd: 46.0934
                    spikeIds: {32×1 cell}
                   sdfWindow: [1×501 double]
                     nTrials: 20
                    trialMap: [20×32 double]
                         sdf: [640×501 double]
        sdfPopulationZscored: [640×501 double]
                    rsquared: [32×32 double]

ipsi_targetOnset_left.rsquared

ans =

  Columns 1 through 13

    1.0000    0.0567    0.1083    0.1072    0.2257    0.0152    0.1821    0.0145    0.0957    0.1001    0.0354    0.0269    0.0013
    0.0567    1.0000    0.5670    0.4203    0.1743    0.3159    0.2581    0.2118    0.4820    0.3392    0.2097    0.7154    0.4936
    0.1083    0.5670    1.0000    0.6732    0.1993    0.4569    0.3902    0.3642    0.3320    0.4679    0.0610    0.6557    0.3737
    0.1072    0.4203    0.6732    1.0000    0.2632    0.4747    0.4687    0.3924    0.1394    0.2674    0.0134    0.4716    0.1900
    0.2257    0.1743    0.1993    0.2632    1.0000    0.0433    0.4125    0.0079    0.1948    0.3419    0.0141    0.1774    0.0759
    0.0152    0.3159    0.4569    0.4747    0.0433    1.0000    0.0466    0.5938    0.0290    0.1013    0.1065    0.3692    0.2867
    0.1821    0.2581    0.3902    0.4687    0.4125    0.0466    1.0000    0.0283    0.2404    0.2328    0.0023    0.1945    0.0574
    0.0145    0.2118    0.3642    0.3924    0.0079    0.5938    0.0283    1.0000    0.0015    0.0242    0.0246    0.2587    0.1571
    0.0957    0.4820    0.3320    0.1394    0.1948    0.0290    0.2404    0.0015    1.0000    0.5270    0.2714    0.5269    0.3873
    0.1001    0.3392    0.4679    0.2674    0.3419    0.1013    0.2328    0.0242    0.5270    1.0000    0.1313    0.5504    0.4252
    0.0354    0.2097    0.0610    0.0134    0.0141    0.1065    0.0023    0.0246    0.2714    0.1313    1.0000    0.2951    0.4875
    0.0269    0.7154    0.6557    0.4716    0.1774    0.3692    0.1945    0.2587    0.5269    0.5504    0.2951    1.0000    0.6305
    0.0013    0.4936    0.3737    0.1900    0.0759    0.2867    0.0574    0.1571    0.3873    0.4252    0.4875    0.6305    1.0000
    0.0019    0.6408    0.4433    0.2309    0.1216    0.3031    0.0571    0.2013    0.4537    0.4392    0.4675    0.7774    0.8070
    0.0047    0.2095    0.1571    0.0619    0.0082    0.1176    0.0638    0.0180    0.3246    0.1195    0.2179    0.1915    0.3071
    0.1426    0.1881    0.3704    0.5503    0.2663    0.1422    0.6423    0.1268    0.1096    0.2100    0.0414    0.2012    0.0276
    0.0891    0.1489    0.0764    0.0431    0.1022    0.0213    0.3725    0.0583    0.4080    0.1395    0.0316    0.1125    0.0513
    0.0146    0.0015    0.0347    0.1000    0.0124    0.2343    0.0236    0.4925    0.2418    0.0237    0.0618    0.0042    0.0000
    0.0478    0.1494    0.1225    0.0444    0.1746    0.0133    0.2851    0.0540    0.5172    0.2487    0.1458    0.1670    0.1222
    0.0764    0.3744    0.4584    0.3804    0.4223    0.0589    0.5757    0.0451    0.4567    0.5571    0.0923    0.4528    0.2716
    0.0356    0.4744    0.4021    0.2265    0.2351    0.0869    0.2965    0.0411    0.5553    0.4661    0.2791    0.5109    0.3882
    0.0561    0.5332    0.5004    0.2891    0.2904    0.1906    0.1717    0.1050    0.5271    0.6427    0.3051    0.7593    0.5801
    0.0195    0.4525    0.5046    0.3820    0.3176    0.1078    0.3827    0.0877    0.4358    0.5441    0.1694    0.5650    0.3266
    0.0756    0.3790    0.3887    0.2654    0.4129    0.0516    0.3275    0.0263    0.5209    0.5047    0.2474    0.4379    0.3425
    0.0133    0.1547    0.2173    0.0866    0.0350    0.3284    0.0035    0.2931    0.0129    0.0390    0.0630    0.2524    0.2240
    0.0122    0.2736    0.3336    0.1413    0.0093    0.3656    0.0042    0.3780    0.0810    0.2037    0.2471    0.4726    0.4212
    0.0001    0.2486    0.3052    0.1138    0.0061    0.3412    0.0109    0.2905    0.0913    0.1647    0.2811    0.3859    0.4877
    0.0204    0.0238    0.1332    0.0699    0.0065    0.3505    0.0540    0.3269    0.0052    0.0207    0.0913    0.1343    0.1243
    0.0291    0.1941    0.2690    0.1476    0.0000    0.5642    0.0131    0.5322    0.0047    0.0569    0.2071    0.2931    0.3882
    0.0926    0.0024    0.0331    0.0369    0.0542    0.2886    0.1376    0.4722    0.1595    0.0289    0.0196    0.0300    0.0200
    0.0468    0.0865    0.0431    0.0209    0.0082    0.3869    0.1432    0.2664    0.0006    0.0067    0.3193    0.1626    0.2571
    0.0818    0.1068    0.1584    0.0840    0.0004    0.4061    0.0138    0.3995    0.0013    0.0473    0.0706    0.1919    0.1885

  Columns 14 through 26

    0.0019    0.0047    0.1426    0.0891    0.0146    0.0478    0.0764    0.0356    0.0561    0.0195    0.0756    0.0133    0.0122
    0.6408    0.2095    0.1881    0.1489    0.0015    0.1494    0.3744    0.4744    0.5332    0.4525    0.3790    0.1547    0.2736
    0.4433    0.1571    0.3704    0.0764    0.0347    0.1225    0.4584    0.4021    0.5004    0.5046    0.3887    0.2173    0.3336
    0.2309    0.0619    0.5503    0.0431    0.1000    0.0444    0.3804    0.2265    0.2891    0.3820    0.2654    0.0866    0.1413
    0.1216    0.0082    0.2663    0.1022    0.0124    0.1746    0.4223    0.2351    0.2904    0.3176    0.4129    0.0350    0.0093
    0.3031    0.1176    0.1422    0.0213    0.2343    0.0133    0.0589    0.0869    0.1906    0.1078    0.0516    0.3284    0.3656
    0.0571    0.0638    0.6423    0.3725    0.0236    0.2851    0.5757    0.2965    0.1717    0.3827    0.3275    0.0035    0.0042
    0.2013    0.0180    0.1268    0.0583    0.4925    0.0540    0.0451    0.0411    0.1050    0.0877    0.0263    0.2931    0.3780
    0.4537    0.3246    0.1096    0.4080    0.2418    0.5172    0.4567    0.5553    0.5271    0.4358    0.5209    0.0129    0.0810
    0.4392    0.1195    0.2100    0.1395    0.0237    0.2487    0.5571    0.4661    0.6427    0.5441    0.5047    0.0390    0.2037
    0.4675    0.2179    0.0414    0.0316    0.0618    0.1458    0.0923    0.2791    0.3051    0.1694    0.2474    0.0630    0.2471
    0.7774    0.1915    0.2012    0.1125    0.0042    0.1670    0.4528    0.5109    0.7593    0.5650    0.4379    0.2524    0.4726
    0.8070    0.3071    0.0276    0.0513    0.0000    0.1222    0.2716    0.3882    0.5801    0.3266    0.3425    0.2240    0.4212
    1.0000    0.2605    0.0329    0.0528    0.0004    0.1361    0.3223    0.4217    0.6799    0.4503    0.4402    0.2190    0.5630
    0.2605    1.0000    0.0152    0.0840    0.0440    0.0889    0.0520    0.1277    0.1103    0.0769    0.0901    0.1115    0.0277
    0.0329    0.0152    1.0000    0.1963    0.0053    0.1048    0.4594    0.2246    0.1141    0.3034    0.1486    0.0015    0.0001
    0.0528    0.0840    0.1963    1.0000    0.4469    0.6475    0.4298    0.4385    0.1013    0.2251    0.2177    0.0117    0.0491
    0.0004    0.0440    0.0053    0.4469    1.0000    0.5023    0.0743    0.1337    0.0004    0.0260    0.0634    0.1691    0.1620
    0.1361    0.0889    0.1048    0.6475    0.5023    1.0000    0.5666    0.5590    0.2536    0.4650    0.4876    0.0419    0.0013
    0.3223    0.0520    0.4594    0.4298    0.0743    0.5666    1.0000    0.7272    0.5086    0.7663    0.6698    0.0002    0.0866
    0.4217    0.1277    0.2246    0.4385    0.1337    0.5590    0.7272    1.0000    0.4981    0.6587    0.5240    0.0132    0.1046
    0.6799    0.1103    0.1141    0.1013    0.0004    0.2536    0.5086    0.4981    1.0000    0.5916    0.6170    0.0887    0.4587
    0.4503    0.0769    0.3034    0.2251    0.0260    0.4650    0.7663    0.6587    0.5916    1.0000    0.7692    0.0013    0.2004
    0.4402    0.0901    0.1486    0.2177    0.0634    0.4876    0.6698    0.5240    0.6170    0.7692    1.0000    0.0060    0.1746
    0.2190    0.1115    0.0015    0.0117    0.1691    0.0419    0.0002    0.0132    0.0887    0.0013    0.0060    1.0000    0.3108
    0.5630    0.0277    0.0001    0.0491    0.1620    0.0013    0.0866    0.1046    0.4587    0.2004    0.1746    0.3108    1.0000
    0.5394    0.1178    0.0141    0.0573    0.1391    0.0025    0.0187    0.0441    0.3490    0.0807    0.1293    0.3666    0.6699
    0.1505    0.0095    0.0245    0.2793    0.2815    0.1173    0.0135    0.0040    0.0699    0.0052    0.0000    0.2812    0.4684
    0.3879    0.1024    0.0035    0.1246    0.3030    0.0489    0.0030    0.0249    0.1834    0.0333    0.0178    0.4849    0.6784
    0.0324    0.0048    0.0503    0.4312    0.5768    0.3186    0.1000    0.0543    0.0010    0.0173    0.0449    0.2725    0.3573
    0.2904    0.0879    0.0844    0.1866    0.1830    0.0929    0.0310    0.0006    0.1048    0.0000    0.0012    0.2866    0.4936
    0.2539    0.0556    0.0000    0.2221    0.3094    0.1246    0.0002    0.0001    0.1205    0.0212    0.0022    0.3393    0.5474

  Columns 27 through 32

    0.0001    0.0204    0.0291    0.0926    0.0468    0.0818
    0.2486    0.0238    0.1941    0.0024    0.0865    0.1068
    0.3052    0.1332    0.2690    0.0331    0.0431    0.1584
    0.1138    0.0699    0.1476    0.0369    0.0209    0.0840
    0.0061    0.0065    0.0000    0.0542    0.0082    0.0004
    0.3412    0.3505    0.5642    0.2886    0.3869    0.4061
    0.0109    0.0540    0.0131    0.1376    0.1432    0.0138
    0.2905    0.3269    0.5322    0.4722    0.2664    0.3995
    0.0913    0.0052    0.0047    0.1595    0.0006    0.0013
    0.1647    0.0207    0.0569    0.0289    0.0067    0.0473
    0.2811    0.0913    0.2071    0.0196    0.3193    0.0706
    0.3859    0.1343    0.2931    0.0300    0.1626    0.1919
    0.4877    0.1243    0.3882    0.0200    0.2571    0.1885
    0.5394    0.1505    0.3879    0.0324    0.2904    0.2539
    0.1178    0.0095    0.1024    0.0048    0.0879    0.0556
    0.0141    0.0245    0.0035    0.0503    0.0844    0.0000
    0.0573    0.2793    0.1246    0.4312    0.1866    0.2221
    0.1391    0.2815    0.3030    0.5768    0.1830    0.3094
    0.0025    0.1173    0.0489    0.3186    0.0929    0.1246
    0.0187    0.0135    0.0030    0.1000    0.0310    0.0002
    0.0441    0.0040    0.0249    0.0543    0.0006    0.0001
    0.3490    0.0699    0.1834    0.0010    0.1048    0.1205
    0.0807    0.0052    0.0333    0.0173    0.0000    0.0212
    0.1293    0.0000    0.0178    0.0449    0.0012    0.0022
    0.3666    0.2812    0.4849    0.2725    0.2866    0.3393
    0.6699    0.4684    0.6784    0.3573    0.4936    0.5474
    1.0000    0.4514    0.6125    0.2842    0.5113    0.4119
    0.4514    1.0000    0.5943    0.5837    0.4950    0.4787
    0.6125    0.5943    1.0000    0.5832    0.7021    0.6474
    0.2842    0.5837    0.5832    1.0000    0.5437    0.4565
    0.5113    0.4950    0.7021    0.5437    1.0000    0.4863
    0.4119    0.4787    0.6474    0.4565    0.4863    1.0000

x=ipsi_targetOnset_left.rsquared

x =

  Columns 1 through 13

    1.0000    0.0567    0.1083    0.1072    0.2257    0.0152    0.1821    0.0145    0.0957    0.1001    0.0354    0.0269    0.0013
    0.0567    1.0000    0.5670    0.4203    0.1743    0.3159    0.2581    0.2118    0.4820    0.3392    0.2097    0.7154    0.4936
    0.1083    0.5670    1.0000    0.6732    0.1993    0.4569    0.3902    0.3642    0.3320    0.4679    0.0610    0.6557    0.3737
    0.1072    0.4203    0.6732    1.0000    0.2632    0.4747    0.4687    0.3924    0.1394    0.2674    0.0134    0.4716    0.1900
    0.2257    0.1743    0.1993    0.2632    1.0000    0.0433    0.4125    0.0079    0.1948    0.3419    0.0141    0.1774    0.0759
    0.0152    0.3159    0.4569    0.4747    0.0433    1.0000    0.0466    0.5938    0.0290    0.1013    0.1065    0.3692    0.2867
    0.1821    0.2581    0.3902    0.4687    0.4125    0.0466    1.0000    0.0283    0.2404    0.2328    0.0023    0.1945    0.0574
    0.0145    0.2118    0.3642    0.3924    0.0079    0.5938    0.0283    1.0000    0.0015    0.0242    0.0246    0.2587    0.1571
    0.0957    0.4820    0.3320    0.1394    0.1948    0.0290    0.2404    0.0015    1.0000    0.5270    0.2714    0.5269    0.3873
    0.1001    0.3392    0.4679    0.2674    0.3419    0.1013    0.2328    0.0242    0.5270    1.0000    0.1313    0.5504    0.4252
    0.0354    0.2097    0.0610    0.0134    0.0141    0.1065    0.0023    0.0246    0.2714    0.1313    1.0000    0.2951    0.4875
    0.0269    0.7154    0.6557    0.4716    0.1774    0.3692    0.1945    0.2587    0.5269    0.5504    0.2951    1.0000    0.6305
    0.0013    0.4936    0.3737    0.1900    0.0759    0.2867    0.0574    0.1571    0.3873    0.4252    0.4875    0.6305    1.0000
    0.0019    0.6408    0.4433    0.2309    0.1216    0.3031    0.0571    0.2013    0.4537    0.4392    0.4675    0.7774    0.8070
    0.0047    0.2095    0.1571    0.0619    0.0082    0.1176    0.0638    0.0180    0.3246    0.1195    0.2179    0.1915    0.3071
    0.1426    0.1881    0.3704    0.5503    0.2663    0.1422    0.6423    0.1268    0.1096    0.2100    0.0414    0.2012    0.0276
    0.0891    0.1489    0.0764    0.0431    0.1022    0.0213    0.3725    0.0583    0.4080    0.1395    0.0316    0.1125    0.0513
    0.0146    0.0015    0.0347    0.1000    0.0124    0.2343    0.0236    0.4925    0.2418    0.0237    0.0618    0.0042    0.0000
    0.0478    0.1494    0.1225    0.0444    0.1746    0.0133    0.2851    0.0540    0.5172    0.2487    0.1458    0.1670    0.1222
    0.0764    0.3744    0.4584    0.3804    0.4223    0.0589    0.5757    0.0451    0.4567    0.5571    0.0923    0.4528    0.2716
    0.0356    0.4744    0.4021    0.2265    0.2351    0.0869    0.2965    0.0411    0.5553    0.4661    0.2791    0.5109    0.3882
    0.0561    0.5332    0.5004    0.2891    0.2904    0.1906    0.1717    0.1050    0.5271    0.6427    0.3051    0.7593    0.5801
    0.0195    0.4525    0.5046    0.3820    0.3176    0.1078    0.3827    0.0877    0.4358    0.5441    0.1694    0.5650    0.3266
    0.0756    0.3790    0.3887    0.2654    0.4129    0.0516    0.3275    0.0263    0.5209    0.5047    0.2474    0.4379    0.3425
    0.0133    0.1547    0.2173    0.0866    0.0350    0.3284    0.0035    0.2931    0.0129    0.0390    0.0630    0.2524    0.2240
    0.0122    0.2736    0.3336    0.1413    0.0093    0.3656    0.0042    0.3780    0.0810    0.2037    0.2471    0.4726    0.4212
    0.0001    0.2486    0.3052    0.1138    0.0061    0.3412    0.0109    0.2905    0.0913    0.1647    0.2811    0.3859    0.4877
    0.0204    0.0238    0.1332    0.0699    0.0065    0.3505    0.0540    0.3269    0.0052    0.0207    0.0913    0.1343    0.1243
    0.0291    0.1941    0.2690    0.1476    0.0000    0.5642    0.0131    0.5322    0.0047    0.0569    0.2071    0.2931    0.3882
    0.0926    0.0024    0.0331    0.0369    0.0542    0.2886    0.1376    0.4722    0.1595    0.0289    0.0196    0.0300    0.0200
    0.0468    0.0865    0.0431    0.0209    0.0082    0.3869    0.1432    0.2664    0.0006    0.0067    0.3193    0.1626    0.2571
    0.0818    0.1068    0.1584    0.0840    0.0004    0.4061    0.0138    0.3995    0.0013    0.0473    0.0706    0.1919    0.1885

  Columns 14 through 26

    0.0019    0.0047    0.1426    0.0891    0.0146    0.0478    0.0764    0.0356    0.0561    0.0195    0.0756    0.0133    0.0122
    0.6408    0.2095    0.1881    0.1489    0.0015    0.1494    0.3744    0.4744    0.5332    0.4525    0.3790    0.1547    0.2736
    0.4433    0.1571    0.3704    0.0764    0.0347    0.1225    0.4584    0.4021    0.5004    0.5046    0.3887    0.2173    0.3336
    0.2309    0.0619    0.5503    0.0431    0.1000    0.0444    0.3804    0.2265    0.2891    0.3820    0.2654    0.0866    0.1413
    0.1216    0.0082    0.2663    0.1022    0.0124    0.1746    0.4223    0.2351    0.2904    0.3176    0.4129    0.0350    0.0093
    0.3031    0.1176    0.1422    0.0213    0.2343    0.0133    0.0589    0.0869    0.1906    0.1078    0.0516    0.3284    0.3656
    0.0571    0.0638    0.6423    0.3725    0.0236    0.2851    0.5757    0.2965    0.1717    0.3827    0.3275    0.0035    0.0042
    0.2013    0.0180    0.1268    0.0583    0.4925    0.0540    0.0451    0.0411    0.1050    0.0877    0.0263    0.2931    0.3780
    0.4537    0.3246    0.1096    0.4080    0.2418    0.5172    0.4567    0.5553    0.5271    0.4358    0.5209    0.0129    0.0810
    0.4392    0.1195    0.2100    0.1395    0.0237    0.2487    0.5571    0.4661    0.6427    0.5441    0.5047    0.0390    0.2037
    0.4675    0.2179    0.0414    0.0316    0.0618    0.1458    0.0923    0.2791    0.3051    0.1694    0.2474    0.0630    0.2471
    0.7774    0.1915    0.2012    0.1125    0.0042    0.1670    0.4528    0.5109    0.7593    0.5650    0.4379    0.2524    0.4726
    0.8070    0.3071    0.0276    0.0513    0.0000    0.1222    0.2716    0.3882    0.5801    0.3266    0.3425    0.2240    0.4212
    1.0000    0.2605    0.0329    0.0528    0.0004    0.1361    0.3223    0.4217    0.6799    0.4503    0.4402    0.2190    0.5630
    0.2605    1.0000    0.0152    0.0840    0.0440    0.0889    0.0520    0.1277    0.1103    0.0769    0.0901    0.1115    0.0277
    0.0329    0.0152    1.0000    0.1963    0.0053    0.1048    0.4594    0.2246    0.1141    0.3034    0.1486    0.0015    0.0001
    0.0528    0.0840    0.1963    1.0000    0.4469    0.6475    0.4298    0.4385    0.1013    0.2251    0.2177    0.0117    0.0491
    0.0004    0.0440    0.0053    0.4469    1.0000    0.5023    0.0743    0.1337    0.0004    0.0260    0.0634    0.1691    0.1620
    0.1361    0.0889    0.1048    0.6475    0.5023    1.0000    0.5666    0.5590    0.2536    0.4650    0.4876    0.0419    0.0013
    0.3223    0.0520    0.4594    0.4298    0.0743    0.5666    1.0000    0.7272    0.5086    0.7663    0.6698    0.0002    0.0866
    0.4217    0.1277    0.2246    0.4385    0.1337    0.5590    0.7272    1.0000    0.4981    0.6587    0.5240    0.0132    0.1046
    0.6799    0.1103    0.1141    0.1013    0.0004    0.2536    0.5086    0.4981    1.0000    0.5916    0.6170    0.0887    0.4587
    0.4503    0.0769    0.3034    0.2251    0.0260    0.4650    0.7663    0.6587    0.5916    1.0000    0.7692    0.0013    0.2004
    0.4402    0.0901    0.1486    0.2177    0.0634    0.4876    0.6698    0.5240    0.6170    0.7692    1.0000    0.0060    0.1746
    0.2190    0.1115    0.0015    0.0117    0.1691    0.0419    0.0002    0.0132    0.0887    0.0013    0.0060    1.0000    0.3108
    0.5630    0.0277    0.0001    0.0491    0.1620    0.0013    0.0866    0.1046    0.4587    0.2004    0.1746    0.3108    1.0000
    0.5394    0.1178    0.0141    0.0573    0.1391    0.0025    0.0187    0.0441    0.3490    0.0807    0.1293    0.3666    0.6699
    0.1505    0.0095    0.0245    0.2793    0.2815    0.1173    0.0135    0.0040    0.0699    0.0052    0.0000    0.2812    0.4684
    0.3879    0.1024    0.0035    0.1246    0.3030    0.0489    0.0030    0.0249    0.1834    0.0333    0.0178    0.4849    0.6784
    0.0324    0.0048    0.0503    0.4312    0.5768    0.3186    0.1000    0.0543    0.0010    0.0173    0.0449    0.2725    0.3573
    0.2904    0.0879    0.0844    0.1866    0.1830    0.0929    0.0310    0.0006    0.1048    0.0000    0.0012    0.2866    0.4936
    0.2539    0.0556    0.0000    0.2221    0.3094    0.1246    0.0002    0.0001    0.1205    0.0212    0.0022    0.3393    0.5474

  Columns 27 through 32

    0.0001    0.0204    0.0291    0.0926    0.0468    0.0818
    0.2486    0.0238    0.1941    0.0024    0.0865    0.1068
    0.3052    0.1332    0.2690    0.0331    0.0431    0.1584
    0.1138    0.0699    0.1476    0.0369    0.0209    0.0840
    0.0061    0.0065    0.0000    0.0542    0.0082    0.0004
    0.3412    0.3505    0.5642    0.2886    0.3869    0.4061
    0.0109    0.0540    0.0131    0.1376    0.1432    0.0138
    0.2905    0.3269    0.5322    0.4722    0.2664    0.3995
    0.0913    0.0052    0.0047    0.1595    0.0006    0.0013
    0.1647    0.0207    0.0569    0.0289    0.0067    0.0473
    0.2811    0.0913    0.2071    0.0196    0.3193    0.0706
    0.3859    0.1343    0.2931    0.0300    0.1626    0.1919
    0.4877    0.1243    0.3882    0.0200    0.2571    0.1885
    0.5394    0.1505    0.3879    0.0324    0.2904    0.2539
    0.1178    0.0095    0.1024    0.0048    0.0879    0.0556
    0.0141    0.0245    0.0035    0.0503    0.0844    0.0000
    0.0573    0.2793    0.1246    0.4312    0.1866    0.2221
    0.1391    0.2815    0.3030    0.5768    0.1830    0.3094
    0.0025    0.1173    0.0489    0.3186    0.0929    0.1246
    0.0187    0.0135    0.0030    0.1000    0.0310    0.0002
    0.0441    0.0040    0.0249    0.0543    0.0006    0.0001
    0.3490    0.0699    0.1834    0.0010    0.1048    0.1205
    0.0807    0.0052    0.0333    0.0173    0.0000    0.0212
    0.1293    0.0000    0.0178    0.0449    0.0012    0.0022
    0.3666    0.2812    0.4849    0.2725    0.2866    0.3393
    0.6699    0.4684    0.6784    0.3573    0.4936    0.5474
    1.0000    0.4514    0.6125    0.2842    0.5113    0.4119
    0.4514    1.0000    0.5943    0.5837    0.4950    0.4787
    0.6125    0.5943    1.0000    0.5832    0.7021    0.6474
    0.2842    0.5837    0.5832    1.0000    0.5437    0.4565
    0.5113    0.4950    0.7021    0.5437    1.0000    0.4863
    0.4119    0.4787    0.6474    0.4565    0.4863    1.0000

figure(); imagesc(x);
y=randperm(size(x,1));
figure(); imagesc(x(y,y));
y

y =

  Columns 1 through 22

     7    21    22    23    15    29    20    12    11    24    30     1     4     2    26    27    31     6     9    14    19    17

  Columns 23 through 32

    16    28    25     3     5    18     8    13    32    10

figure(2); clf; imagesc(x(y,:));
figure(1); figure(2);

% loop to calculate cluster sizes (use chenchal process code)

nShuffles = 1000;
for i = 1:nShuffles
rPerm = randperm(size(x,1));
shuffMat = x(rPerm,rPerm);
clustSizes = getClustSizes(shuffMat);
mnRandSizes(i) = nanmean(clustSizes);
end